40757147
47978500
26971124
59567120
11749387
21470545
16239572
36984808
13615544
59042088
18341522
21564522
55016433
13987482
30090226
10617624
74041604
72908328
37655783
88159989
17379060
60530496
40835680
51597008
16923810
10342100
96546364
44012332
62071040
82755056
69646416
82695451
93557676
59942653
47583462
68791610
19031778
23930380
76547830
29375581
18773940
76607780
18402970
19622200
68026284
16697010
97192338
90229668
67343291
70258238
83246999
37801902
30349033
19445301
88278989
36406281
35966130
35557396
84580155
83130037
42315857
15916697
52779136
32051522
39771580
20138140
42947553
95905677
62667096
66541010
30617946
36600568
99020052
55743512
83673374
42882723
56804407
66912047
97986428
56718265
27691681
87238974
98425454
34568631
51935268
85068842
84258720
64275429
50492010
24892362
27648480
55750064
52695354
46375986
48146293
46906783
114295659
106180358
3514288
6146302